<BLOCK_PARAMS>
2
330
330
CG AA GA AC CA AG AT CC CT GC GG GT TA TC TG TT 
<BLOCK_ORI>
7 14 6 14 19 5 26 7 12 10 6 8 21 14 11 19 
7 27 10 9 11 12 22 9 10 11 5 7 22 8 9 20 
3 29 8 13 17 11 18 7 9 8 8 12 17 8 14 17 
2 28 9 8 10 13 22 3 10 9 8 9 25 5 12 26 
7 27 17 9 12 16 22 4 4 7 9 11 18 7 12 17 
6 28 10 7 13 11 15 7 9 5 12 11 10 16 10 29 
0 38 7 9 12 11 27 3 8 2 3 9 28 10 7 25 
5 17 8 7 11 12 12 11 15 12 17 13 12 11 17 19 
6 21 18 10 10 15 16 5 12 7 13 10 13 11 15 17 
4 22 10 11 13 13 23 4 7 4 3 14 23 10 11 27 
5 19 14 9 8 10 26 8 11 5 4 7 23 10 11 29 
5 38 7 7 12 8 28 10 10 9 3 8 24 11 11 8 
5 32 16 7 7 15 19 3 6 6 6 17 18 5 19 18 
3 25 15 14 15 11 16 6 10 6 9 11 11 8 18 21 
6 16 4 19 18 4 21 8 22 5 2 9 21 22 8 14 
9 19 12 20 9 8 21 9 16 3 1 10 28 11 8 15 
4 27 13 11 11 15 16 3 12 3 9 13 18 13 10 21 
1 49 9 8 6 8 24 9 9 3 3 5 26 5 7 27 
2 40 15 4 8 13 15 6 9 4 11 10 9 11 15 27 
4 22 11 9 8 14 11 8 18 7 5 10 15 14 10 33 
3 32 20 7 7 21 19 4 9 6 10 7 19 6 9 20 
4 17 5 8 8 6 21 6 20 9 3 6 22 16 9 39 
5 30 11 8 10 12 25 7 3 3 5 12 24 8 9 27 
1 28 12 5 8 12 22 4 8 4 7 10 19 8 13 38 
7 29 7 11 12 8 19 5 12 7 6 11 18 13 11 23 
4 37 13 8 8 16 15 3 12 5 3 10 19 11 8 27 
6 34 5 12 11 7 17 9 10 4 1 9 20 12 5 37 
4 9 5 11 10 4 19 4 22 7 4 7 18 18 11 46 
7 27 11 13 14 11 19 11 6 6 10 7 19 7 6 25 
11 22 11 8 9 7 10 15 11 12 10 10 6 11 15 31 
11 26 10 17 10 7 17 2 13 5 5 11 22 12 8 23 
5 31 9 7 7 12 14 5 17 5 3 10 17 17 7 33 
5 29 13 11 14 9 23 3 7 7 5 5 15 8 11 34 
6 26 22 7 17 13 22 6 8 7 6 8 4 17 18 12 
3 26 16 9 9 15 16 7 12 3 4 11 15 12 12 29 
7 18 17 9 12 16 15 9 6 5 17 15 10 11 14 18 
7 27 18 13 11 12 18 5 10 8 3 7 14 8 14 24 
2 33 9 8 13 12 27 4 8 4 2 5 26 11 4 31 
8 17 16 6 7 8 22 13 8 6 11 10 13 11 15 28 
1 35 7 11 12 7 24 6 8 4 4 7 23 6 11 33 
2 12 8 9 7 5 25 4 12 5 3 7 24 7 14 55 
7 20 10 7 7 3 20 3 12 4 6 14 13 14 19 40 
8 36 6 8 8 8 21 4 11 7 3 10 23 12 7 27 
3 21 8 9 14 13 19 11 11 13 2 12 18 6 18 21 
8 10 7 13 11 8 23 6 16 6 4 13 26 16 10 22 
4 30 6 11 14 10 18 10 7 7 7 14 18 8 13 22 
7 12 5 14 9 8 23 7 12 8 4 12 31 6 10 31 
3 33 18 10 15 13 23 6 7 9 9 4 14 6 15 14 
2 31 13 8 9 13 22 4 11 5 5 9 20 9 12 26 
4 19 13 13 16 14 19 10 9 9 8 10 18 7 13 17 
5 45 9 11 14 8 20 5 8 3 3 8 16 13 8 23 
4 29 1 26 24 1 24 9 13 3 0 6 26 11 6 16 
4 26 8 11 10 4 26 4 7 3 11 7 23 7 10 38 
0 16 5 5 11 5 23 7 14 5 7 9 16 16 14 46 
4 32 10 11 11 5 23 2 8 5 11 9 18 7 15 28 
3 20 8 10 7 10 22 4 13 3 9 14 27 10 12 27 
2 16 11 8 11 16 19 4 12 9 5 14 22 8 16 26 
6 44 17 16 12 9 18 0 8 2 7 6 14 8 10 22 
2 21 9 5 11 12 16 7 13 6 7 11 13 15 13 38 
6 30 12 10 10 9 21 3 11 5 2 9 19 12 10 30 
5 21 10 14 17 13 19 16 15 9 3 6 19 15 7 10 
3 28 9 8 9 13 19 4 10 6 6 14 22 8 13 27 
4 32 6 8 7 11 23 3 9 2 4 16 30 10 9 25 
4 36 9 8 7 12 21 2 9 5 6 13 25 8 11 23 
5 32 11 12 11 17 17 3 7 7 4 11 25 4 7 26 
2 27 7 9 10 11 22 2 13 4 3 13 25 13 11 27 
5 22 8 11 20 12 24 11 5 9 9 12 18 10 12 11 
7 37 6 16 16 10 16 6 12 8 2 7 20 11 4 21 
2 45 8 8 10 9 18 1 11 5 4 8 17 10 9 34 
4 34 5 9 10 3 33 4 5 2 0 7 30 8 7 38 
2 14 10 9 9 6 28 3 17 4 0 10 25 14 16 32 
5 11 14 5 9 14 22 7 5 11 19 20 19 3 26 9 
8 9 1 19 22 2 24 17 14 10 5 6 23 14 7 18 
4 28 11 6 8 12 23 1 7 3 5 12 22 11 10 36 
4 21 5 5 14 8 20 8 13 7 5 17 15 19 17 21 
5 22 7 5 12 14 25 7 8 8 5 9 25 12 5 30 
10 17 8 9 14 9 14 12 12 13 9 11 9 14 13 25 
4 50 10 3 1 12 27 2 3 1 8 17 30 4 13 14 
0 38 7 9 12 12 22 4 8 2 10 10 24 9 7 25 
4 17 7 12 13 9 22 10 6 4 8 11 22 7 10 37 
0 35 7 9 13 10 22 8 8 5 2 5 21 8 7 39 
10 24 15 12 8 6 20 11 13 3 6 8 16 16 10 21 
2 32 10 9 7 5 29 8 10 4 2 1 26 6 8 40 
4 27 13 11 11 12 16 2 10 5 3 11 15 9 13 37 
7 26 7 8 8 8 19 5 12 8 7 14 21 10 14 25 
4 25 5 7 6 6 36 3 7 4 8 9 37 6 8 28 
8 27 31 6 5 20 19 2 8 9 12 7 9 6 19 11 
7 48 10 7 11 11 26 3 5 6 4 8 23 10 7 13 
2 36 14 8 12 11 29 5 3 5 2 9 21 5 15 22 
2 40 10 7 10 16 17 2 10 10 6 14 20 5 15 15 
9 32 9 10 10 13 15 5 11 7 10 12 20 12 6 18 
2 43 12 7 10 14 16 3 10 5 7 8 15 9 10 28 
5 31 11 9 12 9 23 6 9 6 3 8 17 11 11 28 
6 24 10 14 11 12 16 4 10 5 5 9 20 8 7 38 
6 36 14 10 9 13 16 3 13 9 7 4 17 9 8 25 
2 29 3 4 8 3 28 5 13 2 1 8 24 17 8 44 
4 33 8 10 14 7 25 7 8 4 5 6 21 12 7 28 
1 36 3 5 6 6 29 3 7 1 0 11 31 8 8 44 
1 37 11 11 14 12 21 2 8 4 3 9 18 8 11 29 
3 31 15 12 11 18 14 2 11 6 11 12 17 7 12 17 
2 16 4 8 13 7 14 14 14 10 11 19 12 10 24 21 
3 11 8 12 11 10 15 9 16 5 5 14 18 14 14 34 
5 26 7 10 14 10 19 2 5 5 6 12 19 9 9 41 
2 45 6 9 12 7 30 3 6 6 5 6 28 5 9 20 
8 8 13 6 9 12 15 8 12 10 13 12 11 13 15 34 
4 29 10 7 5 13 17 12 10 5 7 14 22 7 12 25 
3 43 18 8 13 18 15 0 8 4 8 10 10 12 11 18 
5 15 9 8 7 4 28 2 8 2 5 8 25 10 10 53 
3 26 7 5 7 5 25 2 12 5 3 10 22 12 14 41 
2 14 9 13 14 11 27 5 8 4 3 5 28 7 5 44 
4 34 10 9 6 15 14 4 18 11 4 5 21 8 7 29 
3 32 11 8 10 10 19 2 10 4 2 14 16 12 16 30 
4 41 9 5 8 6 24 8 9 3 5 7 18 14 9 29 
1 12 6 6 11 10 20 9 12 2 5 9 18 16 7 55 
1 19 6 6 8 8 27 3 10 3 3 14 27 11 13 40 
6 12 3 12 7 4 35 10 11 4 2 13 41 8 11 20 
6 32 11 10 12 6 26 4 7 6 4 9 18 10 14 24 
5 21 16 17 20 12 21 8 7 5 9 5 15 9 9 20 
2 21 8 7 11 12 26 5 10 6 4 12 27 10 11 27 
1 25 12 7 5 9 17 4 16 9 7 9 15 7 20 36 
2 34 9 12 16 7 22 5 9 2 2 8 15 13 10 33 
7 26 6 15 18 10 23 9 12 10 3 7 24 12 7 10 
5 20 12 6 10 8 23 3 8 6 7 13 14 12 18 34 
2 22 10 11 11 13 23 8 13 7 4 9 25 9 11 21 
1 23 10 8 6 10 15 5 15 2 3 12 18 12 13 46 
6 30 3 9 8 12 22 2 12 11 4 12 31 6 9 22 
6 27 11 9 6 10 19 5 13 9 4 11 21 7 14 27 
3 20 7 8 12 8 28 4 7 5 3 11 25 10 12 36 
9 28 19 8 9 16 15 3 5 8 12 12 11 7 13 24 
2 39 6 17 12 6 18 10 12 3 9 7 23 6 8 21 
6 20 10 7 11 10 26 2 10 8 3 13 21 12 15 25 
5 26 16 6 6 7 34 5 8 2 5 5 25 11 11 27 
4 21 10 9 9 6 19 6 16 9 6 11 15 11 20 27 
2 23 8 9 13 12 20 11 11 9 7 10 20 8 13 23 
5 33 8 14 10 4 20 5 13 3 2 9 21 11 10 31 
7 18 15 11 6 9 17 3 13 8 5 9 16 7 15 40 
5 32 7 15 14 8 16 11 13 8 4 5 19 9 7 26 
5 14 14 7 8 12 18 8 8 3 8 18 15 11 19 31 
5 27 8 12 8 4 22 7 14 5 6 10 21 10 14 26 
2 47 9 8 8 12 22 1 6 0 3 9 24 9 4 35 
3 26 7 7 7 7 30 4 11 6 3 11 30 8 14 25 
5 16 14 6 2 11 29 0 1 0 10 25 29 2 23 26 
6 15 6 18 15 5 27 8 16 5 1 8 28 14 9 18 
10 11 11 10 12 10 30 1 4 9 10 12 26 7 13 23 
3 16 13 7 10 11 20 4 8 6 7 13 15 8 18 40 
8 23 15 8 7 11 20 7 9 6 10 11 18 9 13 24 
7 12 7 8 8 11 17 4 11 9 7 17 21 9 16 35 
4 23 7 9 13 10 20 3 9 3 8 17 20 13 13 27 
7 45 1 7 8 5 17 3 13 7 6 11 21 13 7 28 
5 50 14 5 6 14 17 5 8 7 4 9 16 7 11 21 
7 34 13 11 17 11 20 9 3 3 5 11 12 13 10 20 
2 24 12 6 5 4 31 5 9 4 3 6 23 6 16 43 
2 26 6 13 8 4 26 3 17 5 1 4 29 8 10 37 
4 24 8 14 20 11 25 5 7 10 8 4 21 8 7 23 
9 14 15 10 9 11 25 1 9 6 9 12 22 12 13 22 
3 34 8 10 5 8 23 7 14 3 3 8 27 9 8 29 
2 42 9 10 11 11 18 5 6 4 8 11 19 5 12 26 
7 46 7 12 6 4 22 3 11 6 2 11 24 6 13 19 
5 27 16 13 15 10 21 8 8 4 4 8 12 11 13 24 
2 30 7 13 16 9 28 2 10 2 2 7 27 13 5 26 
6 27 11 11 14 11 25 7 6 3 8 13 22 11 10 14 
5 36 12 8 11 15 21 5 3 7 6 12 20 5 11 22 
2 19 11 7 9 14 25 5 11 6 7 6 27 9 7 34 
5 26 12 12 8 13 17 6 11 2 0 13 23 10 9 32 
5 27 11 9 8 8 15 3 17 2 7 12 13 18 13 31 
4 32 9 11 8 9 23 9 11 2 3 8 27 9 6 28 
3 31 7 4 12 10 21 3 8 8 4 12 16 11 15 34 
5 24 8 9 12 11 17 1 11 6 7 10 16 13 9 40 
3 18 5 7 10 4 23 3 17 6 4 7 19 18 11 44 
4 27 14 12 8 13 23 0 12 5 7 8 25 7 11 23 
4 31 14 11 8 13 21 6 10 3 4 9 23 8 8 26 
1 22 12 6 9 13 28 7 7 1 4 12 26 10 10 31 
6 31 15 5 9 18 22 1 4 9 8 12 20 5 12 22 
3 21 8 9 6 6 23 2 11 3 3 13 24 8 16 43 
6 28 10 15 11 7 23 3 12 2 4 8 23 12 7 28 
5 26 11 12 10 10 18 5 11 6 6 7 19 8 8 37 
6 32 3 9 9 4 19 7 11 5 6 15 20 11 13 29 
2 47 12 5 10 14 23 1 5 5 3 7 19 7 8 31 
3 22 11 11 9 11 18 2 14 7 6 6 21 8 9 41 
6 40 10 9 7 4 29 6 9 3 2 5 25 10 7 27 
2 40 7 10 15 8 24 2 8 7 1 6 20 8 10 31 
3 22 6 9 15 10 19 4 7 5 5 12 17 11 9 45 
6 35 10 6 11 8 24 4 8 6 3 9 16 13 12 28 
4 10 8 6 13 18 18 2 1 7 22 31 21 4 24 10 
7 10 2 18 20 2 25 19 17 10 4 5 22 17 8 13 
3 30 3 15 14 4 26 7 10 1 0 10 28 11 7 30 
3 38 10 5 9 15 21 4 11 4 3 11 22 15 7 21 
2 43 12 12 9 9 23 1 9 2 4 6 23 6 9 29 
8 18 15 12 9 10 20 7 8 3 6 12 17 11 12 31 
4 36 9 9 9 10 28 5 13 7 2 7 29 9 9 13 
6 31 11 10 10 4 27 7 9 5 3 8 20 10 13 25 
7 18 9 13 15 10 16 10 14 8 11 11 15 14 12 16 
8 23 14 7 7 15 22 3 10 6 5 11 23 12 8 25 
5 27 9 7 10 6 23 5 13 5 1 7 17 16 9 39 
1 36 14 10 13 11 18 2 10 4 3 9 13 10 15 30 
7 10 10 12 20 12 15 7 10 10 17 11 9 15 11 23 
5 12 10 14 17 14 16 9 13 12 12 9 17 10 12 17 
3 34 8 8 9 9 16 2 15 4 7 11 17 14 11 31 
4 40 15 12 12 3 30 0 5 0 3 9 19 9 17 21 
2 33 8 14 13 8 21 2 11 3 1 9 22 9 11 32 
2 23 6 9 15 4 33 2 12 2 2 4 25 17 7 36 
4 44 9 10 13 12 18 1 6 3 3 15 19 10 11 21 
5 25 17 8 9 15 20 5 12 7 6 9 18 11 12 20 
5 37 6 7 11 9 27 10 10 9 3 9 26 10 10 10 
2 13 8 3 3 6 29 2 7 1 10 20 28 8 20 39 
4 17 15 10 14 8 33 5 8 6 5 4 21 11 13 25 
3 35 17 7 6 15 22 3 4 4 7 15 22 2 17 20 
3 31 6 11 15 9 21 16 9 6 1 8 21 10 8 24 
3 35 9 10 10 11 24 9 16 4 1 5 25 15 4 18 
4 41 9 12 14 11 13 8 14 4 2 8 14 15 6 24 
4 39 8 9 12 8 26 3 8 3 4 5 23 12 4 31 
1 40 11 7 8 7 25 2 5 0 2 12 20 7 16 36 
6 31 13 12 12 9 20 5 10 6 5 7 15 10 11 27 
8 23 11 14 11 11 15 3 7 5 6 19 17 8 16 25 
9 31 9 21 12 10 10 7 14 5 6 10 19 10 5 21 
4 37 7 10 9 11 24 4 11 7 2 6 28 7 6 26 
6 32 10 6 7 10 25 3 9 8 4 12 24 8 13 22 
3 29 4 16 10 5 16 4 16 4 6 10 23 9 10 34 
6 23 9 12 13 10 18 5 9 3 7 18 17 13 14 22 
6 23 6 16 8 8 11 21 24 10 2 4 21 11 6 22 
6 11 1 19 20 3 27 17 13 10 4 5 27 10 7 19 
5 21 2 18 16 4 26 4 11 5 1 10 31 9 8 28 
2 19 7 12 15 11 19 4 11 8 8 10 21 8 12 32 
6 24 14 9 8 8 25 7 11 8 6 7 20 8 15 23 
5 56 7 13 18 6 22 6 2 4 2 12 16 8 12 10 
5 21 9 15 14 8 17 12 10 7 8 7 16 7 10 33 
1 31 9 8 7 14 15 5 17 6 7 12 22 11 11 23 
5 26 20 7 7 19 28 1 3 3 6 15 27 5 14 13 
2 32 11 8 8 10 22 6 10 3 8 9 20 9 11 30 
6 27 15 12 20 13 15 8 11 7 7 10 4 18 14 12 
3 34 3 7 11 10 23 5 10 5 3 9 26 12 4 34 
2 39 12 8 10 17 13 4 12 8 8 9 16 8 10 23 
6 20 7 6 11 13 20 2 16 15 11 7 22 12 10 21 
3 20 7 12 17 11 20 7 13 12 6 6 19 9 11 26 
4 23 9 12 11 10 21 7 15 5 5 8 24 13 7 25 
8 31 16 13 7 11 17 1 13 4 8 8 19 11 9 23 
7 34 10 16 12 8 16 6 10 6 7 9 17 8 10 23 
2 30 13 8 8 15 25 3 7 7 8 9 27 2 13 22 
8 14 8 8 14 11 20 9 7 8 8 15 18 13 12 26 
5 26 7 11 14 13 20 3 9 9 8 12 24 7 10 21 
5 12 3 10 10 7 16 7 16 6 3 17 21 15 14 37 
7 28 14 4 5 10 27 1 3 6 13 10 21 5 13 32 
4 42 14 8 9 15 10 4 10 3 8 11 10 12 9 30 
5 23 8 6 8 11 22 5 7 5 13 16 23 9 14 24 
2 36 11 12 7 8 22 5 10 3 6 9 24 5 12 27 
5 30 14 16 10 8 24 9 12 5 5 2 24 6 8 21 
3 32 11 12 11 10 22 6 10 3 6 11 21 9 12 20 
5 17 12 14 14 9 17 12 14 4 8 13 15 15 15 15 
2 28 12 9 8 7 33 3 8 2 4 6 29 7 11 30 
6 11 8 10 10 7 26 6 15 3 2 9 25 18 8 35 
3 29 8 11 9 9 16 4 9 5 2 10 19 5 11 49 
6 27 6 10 11 8 26 3 10 6 2 11 28 11 8 26 
6 40 7 11 11 6 21 6 9 4 5 8 20 10 7 28 
3 46 13 8 5 11 10 1 12 4 8 13 11 8 15 31 
3 13 9 6 12 8 18 7 17 7 3 7 11 18 12 48 
2 25 9 8 8 10 18 9 13 2 8 16 20 13 14 24 
5 34 13 10 14 14 20 7 8 9 5 9 18 8 12 13 
0 14 13 9 12 10 30 2 9 4 6 10 24 9 17 30 
2 45 10 8 9 10 23 4 6 0 0 11 22 9 10 30 
4 47 15 14 11 8 17 4 14 4 5 2 14 11 9 20 
4 34 9 12 10 9 23 3 6 1 3 13 26 7 10 29 
6 18 18 12 10 14 14 8 9 6 16 7 11 8 11 31 
1 35 11 7 11 12 15 2 9 7 4 12 11 7 18 37 
6 15 13 19 15 7 13 15 17 9 5 7 10 10 16 22 
4 21 10 4 8 9 22 7 11 6 2 10 17 12 13 43 
3 28 10 11 13 9 21 12 11 3 2 5 18 13 6 34 
3 20 13 13 13 10 17 6 10 5 6 8 14 8 12 41 
4 36 10 8 7 10 22 3 14 8 7 6 22 9 10 23 
6 18 10 11 11 7 28 6 13 9 5 6 25 10 12 22 
6 27 18 14 11 12 30 3 7 5 5 6 28 5 10 12 
1 44 17 6 9 15 25 1 8 6 3 5 20 5 12 22 
4 34 12 11 10 11 16 3 9 4 8 13 15 8 15 26 
8 24 14 13 12 13 11 7 11 9 4 10 10 9 13 31 
2 33 18 10 9 17 17 3 11 5 5 8 17 8 12 24 
6 29 11 7 5 12 19 6 12 9 7 9 23 7 11 26 
6 29 6 10 12 6 26 10 8 6 0 12 25 10 11 22 
4 37 7 10 10 7 16 5 13 6 4 11 16 11 13 29 
5 12 8 8 9 6 28 11 16 6 3 6 25 16 9 31 
4 25 8 13 11 9 18 2 14 7 4 11 21 9 13 30 
3 14 4 8 9 6 9 12 16 5 8 15 10 15 15 50 
5 31 12 9 10 14 16 4 11 4 4 12 18 12 9 28 
2 23 9 13 11 9 18 5 15 7 3 6 20 8 10 40 
8 26 9 7 8 7 24 3 10 5 4 11 21 15 10 31 
3 29 4 19 22 4 22 15 14 5 5 5 19 16 7 10 
5 23 8 17 13 2 20 6 10 3 6 12 18 8 16 32 
9 18 10 9 7 12 14 3 9 5 6 20 18 11 14 34 
7 19 18 7 6 12 23 7 7 6 7 12 18 7 17 26 
7 18 5 3 10 4 22 13 9 8 6 13 14 16 14 37 
6 21 11 8 10 9 26 1 6 7 5 13 23 7 16 30 
4 17 6 9 13 11 17 6 11 8 4 11 18 10 10 44 
12 23 8 10 10 9 11 11 13 8 6 15 11 17 10 25 
4 36 7 11 10 8 18 5 14 4 3 10 21 13 9 26 
2 24 7 9 9 7 18 10 13 3 6 8 19 12 9 43 
3 27 11 6 6 10 30 4 8 4 6 7 28 7 10 32 
5 29 10 8 11 7 27 5 7 3 1 9 21 12 9 35 
2 32 8 12 10 10 29 1 8 3 3 8 34 4 7 28 
8 30 12 10 7 8 21 4 12 8 11 12 21 8 16 11 
2 31 5 6 8 11 24 2 13 3 2 15 29 14 10 24 
6 14 6 11 11 5 15 8 20 5 3 12 14 22 11 36 
7 33 10 11 11 10 22 3 10 6 1 6 21 11 6 31 
4 35 7 13 13 7 20 5 12 3 4 12 20 13 11 20 
5 35 11 13 14 7 22 6 6 6 0 7 18 6 12 31 
6 41 4 10 13 1 22 11 14 4 2 7 15 19 8 22 
2 19 4 13 12 8 25 7 12 2 1 7 30 11 2 44 
2 18 4 7 10 4 30 3 14 4 4 4 27 15 7 46 
4 33 11 5 6 5 33 2 5 2 2 8 26 9 12 36 
2 35 10 8 11 11 16 4 10 4 7 13 14 11 14 29 
10 15 12 10 9 12 17 10 8 10 7 9 17 7 10 36 
10 32 10 14 11 4 20 9 6 7 11 8 18 6 11 22 
8 15 7 17 8 7 13 16 20 7 2 10 21 12 9 27 
4 30 6 7 17 15 15 12 5 11 6 11 15 7 9 29 
9 36 15 13 10 11 17 1 9 6 3 9 16 9 11 24 
6 33 12 11 8 11 13 4 15 6 6 8 15 12 9 30 
3 17 9 6 5 9 23 4 10 5 10 7 24 7 10 50 
6 17 13 12 11 12 25 5 10 5 7 15 25 9 15 12 
1 27 5 3 5 15 21 6 14 5 3 12 28 13 6 35 
0 26 9 7 11 7 31 3 10 4 6 4 26 10 10 35 
5 14 7 5 9 6 28 3 11 7 2 13 23 12 16 38 
3 23 6 16 13 7 18 7 14 7 1 11 22 7 14 30 
2 25 22 7 7 17 26 1 6 3 6 10 21 5 15 26 
6 35 17 11 13 13 24 2 6 6 8 6 19 7 10 16 
10 21 9 18 16 8 16 9 10 5 2 9 18 12 5 31 
9 16 15 9 7 15 16 3 7 10 12 9 18 5 10 38 
1 34 12 4 5 12 24 0 8 0 3 10 22 11 9 44 
2 46 9 5 13 12 21 5 5 3 5 8 16 12 6 31 
4 15 6 11 10 6 24 1 12 5 6 8 25 10 9 47 
4 20 10 11 15 15 24 6 10 10 4 6 25 8 7 24 
3 27 12 7 11 11 24 2 10 5 6 6 18 12 10 35 
4 41 11 8 11 14 20 5 6 8 4 8 21 5 9 24 
2 35 8 6 11 4 29 1 7 3 6 9 19 11 14 34 
<BLOCK_USUAL>
4 26 11 12 7 10 16 11 12 7 5 11 20 4 14 29 
7 21 8 21 17 8 14 8 12 5 10 11 18 9 10 20 
6 9 9 7 14 12 13 5 4 6 19 30 8 11 28 18 
12 16 22 8 11 21 13 8 8 12 20 8 9 11 9 11 
3 21 19 10 16 18 16 12 10 10 10 5 9 8 13 19 
8 37 16 14 10 12 16 4 6 4 12 11 16 6 11 16 
0 16 7 7 15 12 24 6 15 4 3 17 21 18 16 18 
8 20 17 13 8 10 20 8 9 4 17 8 18 8 11 20 
7 22 10 11 12 6 19 5 16 8 6 8 13 17 13 26 
7 21 15 13 9 11 13 7 11 8 11 12 14 6 17 24 
6 9 10 9 17 13 18 17 19 10 4 6 14 23 7 17 
4 31 9 15 15 13 15 6 16 9 5 7 19 10 9 16 
9 18 17 10 9 15 19 7 11 11 4 9 18 8 14 20 
5 17 8 7 17 9 21 14 11 6 5 11 12 21 11 24 
11 10 8 8 9 6 15 4 10 12 16 22 13 9 25 21 
4 24 14 10 12 16 21 3 10 12 6 9 20 4 15 19 
9 16 16 14 14 11 17 8 11 6 9 11 12 15 12 18 
7 20 11 14 18 9 19 10 7 5 7 14 12 14 14 18 
3 16 18 12 9 9 22 2 8 3 9 8 16 5 17 42 
6 24 13 13 15 17 14 6 14 7 6 12 16 14 9 13 
6 19 10 11 12 10 20 7 12 7 15 11 19 12 12 16 
3 14 11 8 16 13 23 6 10 9 12 8 17 12 11 26 
6 12 10 8 12 10 19 8 11 6 12 17 15 15 18 20 
9 12 11 8 12 9 15 11 19 9 8 11 9 24 13 19 
5 12 12 11 12 5 16 7 16 2 7 12 8 21 15 38 
5 33 10 13 18 12 20 18 5 9 4 9 16 6 11 10 
3 32 10 8 13 13 16 6 11 10 7 6 14 9 10 31 
5 37 14 4 9 17 19 3 8 7 3 16 17 10 15 15 
3 17 15 10 7 9 22 5 18 2 6 6 19 15 11 34 
3 51 10 8 13 9 26 5 5 7 5 6 20 6 11 14 
3 19 17 7 11 16 24 8 10 6 7 10 20 10 14 17 
8 19 15 8 9 14 15 5 10 6 9 11 14 13 10 33 
5 21 18 8 5 16 17 6 9 2 13 14 18 9 13 25 
3 27 18 7 6 15 19 8 13 8 9 8 18 7 16 17 
9 23 11 13 15 12 15 9 11 5 6 12 14 17 8 19 
13 16 11 9 13 10 15 11 9 10 10 16 10 15 14 17 
5 19 12 9 15 12 17 8 10 5 7 9 11 16 9 35 
3 45 26 8 10 25 7 8 11 12 12 3 5 4 12 8 
3 14 11 9 18 11 18 14 12 8 13 10 8 16 15 19 
9 32 14 8 5 14 21 2 7 9 9 12 24 4 12 17 
6 14 15 10 11 12 18 5 16 8 10 7 14 15 12 26 
6 16 8 17 16 5 15 9 15 6 9 15 12 14 19 17 
4 17 10 6 7 12 22 4 13 5 6 18 23 13 17 22 
5 23 15 11 17 12 26 4 7 1 8 7 16 17 6 24 
8 20 7 11 16 4 19 8 16 9 4 5 11 20 9 32 
4 29 19 12 13 18 20 3 10 5 7 7 18 10 9 15 
3 33 11 21 24 17 10 13 6 8 6 12 13 4 11 7 
9 22 15 11 12 14 13 11 13 12 13 8 11 12 11 12 
2 9 7 9 15 5 21 10 10 5 18 14 13 13 19 29 
1 21 11 7 9 9 20 3 17 4 4 12 16 15 17 33 
5 28 8 13 13 9 21 5 13 7 6 5 21 12 6 27 
13 29 14 13 11 14 11 15 14 9 6 8 13 16 4 9 
7 11 11 6 5 7 16 8 19 5 8 11 13 19 14 39 
6 24 14 12 15 11 18 8 10 6 6 9 11 13 12 24 
2 27 10 5 7 11 27 4 7 3 13 11 27 8 11 26 
5 32 10 11 11 8 20 7 6 1 3 13 17 10 11 34 
4 22 19 3 7 14 27 5 12 3 8 10 18 16 14 17 
6 19 18 10 9 10 20 10 9 5 17 11 12 9 19 15 
6 22 11 17 22 14 14 9 14 10 7 7 11 15 9 11 
5 30 13 10 7 15 15 8 13 8 6 14 20 7 15 13 
6 14 12 10 17 15 19 3 10 13 5 8 15 10 12 30 
3 12 6 9 14 7 16 10 18 7 5 12 12 19 15 34 
9 14 18 6 9 14 10 5 12 13 18 10 3 10 18 30 
5 18 9 11 16 9 19 16 10 9 7 10 15 11 14 20 
6 42 16 5 11 17 18 3 3 8 12 12 13 7 13 13 
7 14 14 8 13 11 25 9 8 5 6 16 17 14 17 15 
6 21 7 8 9 9 19 8 11 6 5 12 19 12 10 37 
3 33 12 10 14 14 18 5 10 10 10 7 16 6 12 19 
3 21 7 6 16 8 22 8 12 6 1 14 14 19 15 27 
9 20 15 12 12 14 19 6 9 8 10 10 17 10 11 17 
4 18 12 7 14 13 21 10 8 8 9 13 15 11 15 21 
5 12 10 9 13 7 17 11 14 10 9 8 10 13 16 35 
8 17 11 7 9 10 18 14 13 12 10 7 16 11 11 25 
8 16 12 8 8 8 16 8 15 4 8 14 12 20 14 28 
6 28 10 8 9 10 23 3 8 1 1 11 22 14 7 38 
9 11 16 6 10 13 19 7 10 7 7 11 12 16 12 33 
6 34 13 12 7 13 15 7 8 4 10 15 20 5 13 17 
3 19 16 11 7 12 17 9 17 3 6 11 18 12 15 23 
4 19 18 11 15 17 19 13 8 6 3 10 13 10 14 19 
4 11 9 3 11 8 23 9 17 7 3 12 14 22 16 30 
6 23 17 7 10 16 21 9 6 7 8 13 16 8 16 16 
9 21 13 16 17 6 18 6 11 4 6 10 9 17 12 24 
3 21 15 10 10 12 22 12 12 6 9 7 19 9 14 18 
7 31 11 9 6 11 13 7 16 11 1 11 17 9 14 25 
5 15 16 3 11 14 18 6 12 9 10 14 9 16 19 22 
3 24 13 8 15 13 21 5 13 8 7 9 13 15 14 18 
4 22 12 22 27 15 15 15 5 8 9 9 13 6 10 7 
9 18 9 7 14 9 16 12 10 14 10 10 9 13 15 24 
7 12 16 10 11 14 13 5 9 9 10 18 10 8 21 26 
4 16 18 7 12 18 22 6 12 7 15 8 17 14 10 13 
6 27 18 16 17 18 18 11 7 5 7 7 16 10 6 10 
7 21 16 10 12 13 19 4 10 10 11 10 15 9 15 17 
7 15 8 5 10 9 14 9 24 9 8 10 11 26 11 23 
10 13 7 7 11 9 8 12 21 18 7 15 5 17 21 18 
2 30 7 11 19 13 16 9 11 3 5 11 15 17 6 24 
5 29 12 9 11 14 16 6 11 8 9 11 15 11 12 20 
7 9 14 13 18 22 9 8 8 8 11 20 13 12 13 14 
5 32 14 9 15 11 16 9 7 2 10 12 7 15 13 22 
9 21 10 10 17 15 15 4 10 13 11 10 14 13 8 19 
4 23 4 12 14 6 17 8 15 4 3 17 17 16 16 23 
7 14 11 7 12 13 21 10 6 9 9 11 18 8 11 32 
5 14 10 8 7 7 20 8 20 10 2 11 18 14 19 26 
4 26 20 6 7 13 35 3 5 3 6 9 27 7 15 13 
7 14 5 10 13 10 12 9 15 8 10 15 13 17 11 30 
10 22 15 8 9 12 23 6 9 6 8 9 18 15 8 21 
5 37 16 11 7 16 16 2 9 3 13 13 20 7 11 13 
6 15 6 8 8 1 18 11 20 11 13 15 13 14 25 15 
5 25 11 12 15 10 20 7 10 11 5 12 16 7 19 14 
7 21 11 13 19 10 16 11 7 6 6 17 10 14 16 15 
10 15 11 11 21 20 15 10 7 16 10 9 13 12 6 13 
7 23 13 11 9 11 22 3 11 3 11 13 23 13 10 16 
10 8 4 5 15 10 12 15 18 24 12 10 8 15 18 15 
5 15 7 9 15 8 19 5 18 4 4 11 14 26 9 30 
3 28 5 9 15 6 20 16 14 6 11 9 15 17 11 14 
10 15 13 19 15 7 18 6 9 8 8 11 15 8 15 22 
12 22 12 14 9 14 13 19 13 12 4 6 20 9 4 16 
5 17 16 14 12 13 14 9 17 6 8 10 12 14 14 18 
4 22 13 15 10 10 16 3 17 9 5 8 19 7 16 25 
5 31 10 13 17 15 20 2 3 4 6 15 22 8 9 19 
4 28 14 10 10 14 18 2 14 9 7 7 19 9 11 23 
8 18 7 9 13 9 17 6 13 9 6 17 15 16 15 21 
7 14 16 14 14 14 16 9 13 5 8 11 14 14 11 19 
4 27 13 10 16 16 15 14 8 9 7 10 12 10 11 17 
7 20 13 18 17 15 7 19 18 14 7 3 11 10 8 12 
8 16 16 7 5 17 17 6 11 9 11 14 21 8 14 19 
0 25 12 5 7 14 20 2 9 6 6 20 20 6 23 24 
2 31 14 7 9 17 18 9 13 5 4 7 20 12 7 24 
5 14 6 4 14 12 18 11 15 9 3 9 14 21 7 37 
6 26 15 9 12 12 15 5 11 7 10 12 10 13 15 21 
9 30 18 12 10 11 17 5 7 5 9 10 13 9 13 21 
3 23 9 12 17 10 14 14 14 10 12 9 10 12 15 15 
5 15 8 8 17 6 22 9 12 8 8 11 11 17 16 26 
4 31 14 6 8 10 21 6 13 3 5 6 15 16 9 32 
4 19 13 10 13 19 10 8 13 7 8 12 13 13 9 28 
9 38 27 13 11 22 12 2 5 6 18 5 8 6 7 10 
17 18 10 21 22 9 6 17 10 15 14 9 3 14 8 6 
1 19 9 9 11 7 24 5 16 5 3 9 20 14 15 32 
8 21 11 10 15 15 12 9 16 18 7 5 12 11 10 19 
16 23 12 16 17 15 16 12 7 16 6 8 19 8 4 4 
13 7 7 5 7 3 14 12 21 9 7 16 8 28 16 26 
0 15 18 2 5 13 22 0 16 6 7 10 15 13 20 37 
8 17 14 4 12 12 20 6 7 12 11 14 11 11 19 21 
7 26 10 11 13 11 12 10 15 7 3 8 11 17 7 31 
3 14 7 12 12 7 31 3 9 4 12 8 31 9 9 28 
6 10 10 11 14 6 17 12 19 10 11 8 10 19 16 20 
2 32 16 10 15 16 22 4 9 7 7 7 17 8 12 15 
8 21 14 11 13 11 21 8 13 8 7 7 16 15 9 17 
11 11 11 7 10 8 12 11 16 16 11 10 7 14 18 26 
4 26 12 6 17 8 24 5 13 8 7 5 9 20 12 23 
4 31 13 6 10 13 22 7 9 4 4 10 18 13 10 25 
7 14 6 8 13 10 19 7 16 10 4 8 18 19 7 33 
5 35 10 14 8 11 16 7 12 2 1 12 22 9 8 27 
7 24 21 10 8 18 15 6 8 7 6 15 13 6 19 16 
10 25 17 13 16 13 18 10 8 12 8 6 10 10 12 11 
6 26 14 11 15 12 19 10 9 5 3 10 13 13 11 22 
3 30 20 6 7 14 25 3 11 9 7 5 18 7 17 17 
10 17 8 4 11 11 16 7 7 7 11 13 12 17 6 42 
12 17 9 7 16 13 9 17 15 18 6 11 5 17 13 14 
4 18 7 12 10 10 28 1 6 4 4 17 32 5 14 27 
7 25 11 15 22 8 15 17 12 7 5 6 6 18 9 16 
1 44 15 13 18 19 16 3 8 4 5 8 15 10 7 13 
2 19 17 11 17 16 27 2 7 7 6 9 19 8 16 16 
5 18 11 12 9 9 19 3 17 6 9 9 19 13 12 28 
5 27 18 5 8 15 34 2 4 3 6 11 28 9 12 12 
9 23 17 13 10 10 17 13 14 5 8 9 12 15 12 12 
8 24 10 14 18 6 17 12 12 8 7 7 9 16 11 20 
7 17 10 5 12 16 18 3 6 9 11 12 18 11 7 37 
10 28 23 8 11 20 18 5 7 8 5 9 11 12 10 14 
5 20 8 12 19 16 13 7 10 12 11 14 14 10 13 15 
9 26 11 13 10 9 11 18 18 12 2 4 11 12 9 24 
3 24 10 6 17 11 26 7 13 6 4 6 16 21 8 21 
7 15 19 12 14 12 15 14 9 5 12 11 6 13 17 18 
1 48 10 6 13 12 16 8 9 9 9 6 11 9 11 21 
3 21 12 15 16 8 26 10 12 7 8 2 22 8 10 19 
4 16 7 7 12 9 17 6 17 7 10 14 14 19 15 25 
5 12 6 3 4 3 24 7 21 2 1 8 20 24 8 51 
6 12 9 11 14 6 30 8 13 3 1 9 25 18 9 25 
5 31 9 7 4 7 15 7 14 6 10 9 15 10 12 38 
12 17 9 11 16 14 13 5 11 15 13 11 13 12 9 18 
8 32 15 9 9 10 18 5 7 5 8 12 14 9 14 24 
4 27 15 10 13 19 19 12 9 9 6 8 20 7 9 12 
6 14 9 5 4 9 16 11 20 9 5 8 17 17 11 38 
7 18 10 6 4 14 15 4 12 5 6 19 21 13 13 32 
10 13 12 9 15 17 13 11 13 15 10 11 12 13 11 14 
10 19 15 8 11 11 15 17 7 5 13 13 9 15 12 19 
5 13 9 5 10 10 16 5 17 7 5 12 12 20 13 40 
5 25 13 7 11 9 27 8 5 3 8 11 19 11 12 25 
10 33 10 12 11 13 13 5 13 10 4 12 17 11 10 15 
3 31 14 9 17 13 19 5 11 4 3 11 10 17 13 19 
5 11 8 8 12 10 17 11 13 9 14 14 15 13 17 22 
5 7 7 6 10 9 15 8 22 13 4 10 13 18 15 37 
17 14 15 10 13 12 10 10 10 17 13 12 5 12 15 14 
6 15 6 11 11 10 14 12 15 6 4 15 18 15 12 29 
4 28 8 11 13 6 17 7 13 5 8 11 12 14 14 28 
9 18 12 17 14 7 17 8 9 5 8 15 15 10 17 18 
9 19 15 4 7 11 20 10 12 11 11 8 13 13 14 22 
4 17 5 11 14 10 12 13 20 8 8 11 14 18 10 24 
9 18 8 7 13 12 22 9 10 10 8 12 19 16 9 17 
8 19 13 17 9 9 12 10 18 8 7 8 16 10 12 23 
7 23 18 8 11 19 18 7 8 7 9 8 17 10 7 22 
8 11 4 16 19 6 13 17 19 17 7 7 13 13 14 15 
7 19 11 12 15 10 16 7 16 9 9 8 12 16 12 20 
10 19 8 7 13 7 15 13 12 5 3 13 9 23 9 33 
2 26 15 15 17 13 21 6 9 5 12 8 18 8 12 12 
4 30 17 11 11 16 21 4 7 4 7 10 20 7 11 19 
7 16 9 5 9 10 17 6 18 10 4 11 15 18 13 31 
6 16 8 11 14 4 19 10 11 11 15 10 11 10 19 24 
5 31 13 11 19 15 16 7 11 11 9 6 9 13 11 12 
7 24 12 16 18 15 14 9 11 8 8 10 14 13 8 12 
7 24 15 13 14 10 19 1 7 5 6 12 13 10 15 28 
4 55 6 3 11 7 26 4 5 6 4 8 18 11 10 21 
7 20 12 13 16 14 15 10 13 11 6 9 14 12 11 16 
4 24 12 8 16 13 16 8 15 10 8 9 9 16 14 17 
10 19 11 14 11 13 11 6 16 12 13 11 16 11 11 14 
9 22 22 10 9 17 9 9 8 5 11 16 6 11 17 18 
6 17 10 8 15 11 17 10 13 7 6 8 11 19 8 33 
5 22 9 10 13 11 27 2 6 7 3 13 27 7 12 25 
4 20 11 12 10 5 22 3 15 5 2 6 18 11 13 42 
3 31 14 6 12 13 23 2 7 8 11 9 16 8 15 21 
5 22 10 10 22 14 19 16 8 9 4 7 10 16 7 20 
7 14 13 8 11 12 17 8 11 11 9 8 13 10 13 34 
7 23 16 14 14 9 23 4 6 6 6 8 17 7 14 25 
4 22 14 14 18 22 10 8 9 6 5 12 14 10 7 24 
5 17 14 4 5 13 15 0 17 6 10 11 13 17 13 39 
14 12 15 9 8 5 19 16 10 12 11 9 10 10 18 21 
6 18 12 9 11 10 16 5 13 9 7 15 11 12 20 25 
4 26 17 8 9 13 22 5 8 4 6 14 17 9 18 19 
6 30 20 8 11 20 13 3 4 7 10 11 10 7 12 27 
3 9 4 6 16 10 22 15 11 14 12 13 17 11 18 18 
9 19 14 9 7 14 8 9 17 10 12 14 9 14 15 19 
6 19 7 14 20 9 18 5 14 10 6 11 13 16 13 18 
9 33 22 20 18 14 15 4 6 9 9 6 10 4 13 7 
7 30 8 15 10 8 19 13 13 5 4 9 23 10 7 18 
4 21 15 12 12 7 33 3 9 3 6 5 24 10 12 23 
6 16 18 12 15 17 15 8 11 10 14 8 11 11 12 15 
7 14 12 7 14 10 17 6 17 4 11 13 8 26 12 21 
4 31 12 12 11 12 16 11 15 6 4 8 17 11 10 19 
6 10 8 7 8 5 24 7 12 8 6 12 21 11 17 37 
3 19 9 9 15 15 16 5 8 7 7 14 16 10 12 34 
8 15 10 17 21 12 15 11 10 13 10 13 13 8 16 7 
7 21 14 11 19 13 18 9 9 14 3 6 10 9 14 22 
2 22 10 3 12 12 25 8 11 6 4 10 17 17 12 28 
5 23 11 12 13 8 28 4 9 7 1 8 23 9 13 25 
7 23 8 16 16 11 15 6 12 5 5 16 17 15 11 16 
3 17 9 13 16 10 17 8 14 8 8 13 16 12 17 18 
10 18 11 9 11 8 21 9 9 7 7 7 16 14 7 35 
5 15 19 6 9 13 17 4 11 11 16 11 8 7 24 23 
6 18 18 19 12 14 7 7 15 3 8 18 10 12 19 13 
7 11 9 10 16 8 21 8 12 5 2 11 15 20 9 35 
10 6 12 11 14 11 13 6 16 15 10 14 9 13 20 19 
8 25 14 14 16 8 17 8 12 8 2 6 10 13 12 26 
2 35 16 12 16 20 14 5 8 8 10 8 15 6 9 15 
7 35 10 16 11 7 22 16 10 5 4 5 24 7 7 13 
7 21 2 13 10 1 13 17 25 5 2 7 15 23 6 32 
7 21 11 10 16 16 13 7 14 12 10 12 12 14 13 11 
4 29 9 10 14 10 17 10 10 6 8 11 14 11 13 23 
9 22 12 13 13 12 23 5 10 7 9 8 23 12 5 16 
9 19 23 11 8 13 20 4 10 6 13 10 13 10 17 13 
2 19 13 14 17 12 15 13 18 5 3 8 11 17 12 20 
11 17 4 11 16 8 14 15 14 11 7 10 13 18 6 24 
4 28 12 10 18 16 14 6 9 7 6 11 10 14 10 24 
3 20 6 8 13 4 20 6 17 6 4 13 14 19 18 28 
9 6 17 5 8 19 9 1 8 17 31 19 8 3 26 13 
1 15 9 10 20 13 24 4 11 9 9 9 18 14 13 20 
8 18 11 12 17 17 13 7 11 9 10 13 14 15 8 16 
7 16 12 13 13 12 18 11 13 6 12 9 17 14 8 18 
3 36 11 6 11 16 16 5 15 10 5 7 15 13 10 20 
8 24 16 11 15 13 16 14 12 12 6 5 9 12 12 14 
9 20 10 8 10 14 13 8 10 13 6 16 15 9 16 22 
5 8 11 6 8 11 17 5 15 9 15 15 15 13 19 27 
8 20 13 12 13 14 11 10 11 9 4 15 12 11 14 22 
4 10 11 14 17 14 9 18 13 13 20 11 9 8 17 11 
12 16 21 9 8 10 21 8 8 10 13 10 11 9 18 15 
3 21 7 13 15 8 17 11 12 6 3 13 16 11 15 28 
3 32 9 7 13 12 17 11 13 4 5 9 13 18 7 26 
4 22 10 10 21 8 22 8 10 3 6 11 9 23 11 21 
4 44 11 9 12 13 16 8 6 4 12 12 15 9 11 13 
7 24 17 12 11 7 23 2 13 5 7 6 14 15 14 22 
7 16 19 10 15 12 21 7 8 4 14 10 9 15 14 18 
8 39 20 6 11 14 22 4 7 5 2 8 11 15 11 16 
4 37 17 12 10 10 17 8 13 5 5 3 12 10 11 25 
1 27 14 7 13 14 21 5 17 11 4 7 15 12 17 14 
3 33 11 11 11 12 23 7 13 7 3 6 24 9 9 17 
4 22 10 3 8 18 18 1 10 6 11 18 20 13 12 25 
10 28 10 9 13 10 18 5 10 12 5 12 14 12 15 16 
9 20 13 5 8 15 16 8 10 7 12 16 14 15 12 19 
5 18 11 6 7 10 19 7 19 5 3 9 17 20 10 33 
7 19 9 11 13 11 14 9 12 12 10 14 14 9 16 19 
4 27 16 14 17 15 17 8 6 4 16 10 13 9 11 12 
10 23 12 10 11 9 19 2 12 5 4 13 15 17 12 25 
3 18 12 9 13 15 15 7 10 5 11 14 13 12 13 29 
4 20 18 11 15 17 20 6 9 9 9 8 15 8 14 16 
4 35 13 14 18 15 16 10 13 10 6 4 14 11 8 8 
3 25 4 10 16 9 20 3 14 7 2 8 19 16 7 36 
9 30 16 15 14 10 16 8 9 8 3 10 11 9 16 15 
5 29 16 10 8 12 33 0 7 3 4 10 30 7 13 12 
4 23 21 6 6 18 20 5 10 3 16 10 16 11 12 18 
9 27 8 17 17 9 16 14 9 9 5 8 17 10 7 17 
3 13 8 7 16 14 18 12 10 5 6 14 14 17 10 32 
10 21 16 12 12 14 14 6 10 9 15 10 12 10 12 16 
15 19 12 13 12 10 11 16 13 12 8 11 10 14 11 12 
10 13 10 10 10 10 22 10 11 11 11 9 23 10 9 20 
3 27 15 15 15 15 20 3 8 2 6 13 20 8 13 16 
8 22 15 15 11 10 15 7 9 5 12 15 14 8 16 17 
4 18 4 8 15 8 18 13 15 5 10 10 15 21 8 27 
9 17 16 17 12 8 18 9 8 4 9 9 15 8 13 27 
7 37 13 15 14 6 22 6 8 2 5 8 15 12 10 19 
7 14 9 7 11 8 18 10 16 12 10 10 13 16 15 23 
6 35 11 18 17 12 10 6 13 8 6 7 11 11 8 20 
7 20 12 11 12 11 23 6 10 6 10 12 20 13 12 14 
4 19 10 8 15 11 18 16 11 9 6 11 13 13 15 20 
3 22 14 7 11 15 17 5 11 2 5 14 14 16 13 30 
7 18 7 9 8 9 15 10 21 9 5 9 19 18 8 27 
5 14 15 9 9 17 12 5 16 9 16 11 14 12 14 21 
5 19 10 11 15 7 21 9 14 8 10 9 13 16 15 17 
10 25 13 13 9 8 14 6 12 3 9 17 13 15 15 17 
4 21 16 11 13 11 20 6 14 2 7 10 13 18 13 20 
1 22 14 8 9 14 27 5 9 2 9 9 25 9 11 25 
3 24 15 11 10 14 18 2 10 4 11 13 17 8 15 24 
5 19 8 8 19 8 22 8 13 5 5 7 11 24 7 30 
3 18 10 12 16 6 18 8 13 5 5 10 10 16 15 34 
3 25 10 13 14 11 22 5 14 7 2 9 21 12 12 19 
3 33 21 8 11 21 13 6 8 5 7 13 10 10 15 15 
6 20 20 20 17 14 16 15 13 10 5 3 13 6 13 8 
5 35 14 9 13 17 11 9 17 9 5 7 9 17 9 13 
6 24 11 14 13 10 14 12 13 6 5 12 14 12 12 21 
8 14 14 11 17 12 22 6 8 8 4 12 15 13 14 21 
7 29 11 10 12 15 17 7 9 10 6 10 18 8 9 21 
3 21 18 16 16 20 16 4 11 7 7 10 18 7 13 12 
5 22 13 16 17 12 17 9 12 7 10 8 14 11 12 14 
