<BLOCK_PARAMS>
2
100
100
CG AA GA AC CA AG AT CC CT GC GG GT TA TC TG TT 
<BLOCK_ORI>
15 33 17 23 21 13 21 13 16 15 7 15 19 14 19 38 
6 35 21 12 11 18 36 4 13 7 11 14 34 10 19 48 
6 52 12 20 27 15 28 13 9 15 12 16 24 8 21 21 
3 61 18 12 21 22 33 8 9 7 5 13 28 14 13 32 
7 32 17 13 20 18 27 4 9 9 24 23 22 14 24 36 
5 39 15 18 21 12 31 18 17 9 13 11 25 16 17 32 
4 40 17 15 14 13 36 9 16 5 5 15 34 14 20 42 
13 45 25 13 17 22 26 17 13 14 7 9 19 16 13 30 
15 32 23 25 21 14 21 15 16 9 15 18 17 18 20 20 
8 33 5 29 24 4 27 10 34 8 2 9 31 29 10 36 
8 15 5 35 33 4 36 24 28 13 6 5 36 22 11 18 
4 67 12 11 10 13 32 14 13 7 6 10 34 9 12 45 
6 46 19 13 10 22 23 10 21 8 8 13 29 15 12 44 
6 40 29 13 15 29 26 6 14 8 13 13 24 14 15 34 
8 37 14 10 15 15 35 11 11 4 7 17 31 20 12 52 
13 18 25 16 20 20 27 16 17 18 19 13 17 17 23 20 
9 28 13 16 21 13 30 9 22 14 11 15 25 22 20 31 
14 28 15 14 18 16 27 11 10 18 10 24 24 10 27 33 
11 41 14 16 17 14 26 10 16 12 10 17 26 16 18 35 
8 40 28 10 22 21 37 7 9 10 9 17 18 19 26 18 
5 41 16 21 28 20 23 12 20 10 8 13 19 23 14 26 
7 49 26 20 23 23 20 9 19 13 10 10 14 17 19 20 
11 28 23 11 13 14 30 14 12 7 18 20 20 18 24 36 
5 25 12 13 15 9 35 5 18 8 4 15 31 16 21 67 
10 27 16 13 13 15 29 6 18 6 10 17 28 22 15 54 
3 43 15 8 16 19 35 11 13 6 12 18 30 18 17 35 
9 15 13 19 18 14 35 11 21 9 5 15 38 20 14 43 
8 42 27 21 26 21 30 11 9 12 16 9 19 10 18 20 
7 36 18 25 30 18 28 18 10 12 13 12 23 10 17 22 
7 68 9 16 19 12 35 7 13 6 4 14 34 17 10 28 
5 39 10 25 29 12 35 11 14 7 4 17 32 16 17 26 
9 17 13 12 11 11 27 13 25 7 8 19 26 26 19 56 
5 28 16 12 10 17 35 5 20 8 11 17 38 16 19 42 
5 24 18 13 14 24 26 6 22 15 7 19 32 13 23 38 
6 47 21 19 19 17 33 6 13 6 4 16 29 13 21 29 
3 44 12 14 22 16 26 9 17 9 8 15 23 18 17 46 
8 36 16 26 31 18 27 22 19 13 5 8 25 19 10 16 
6 41 17 16 20 20 31 13 12 8 5 16 31 14 14 35 
6 41 9 13 13 14 35 4 14 5 4 22 39 15 16 49 
4 47 12 18 19 17 25 8 19 10 9 16 28 14 17 36 
9 28 12 16 25 8 28 19 24 9 11 12 14 34 16 34 
5 54 8 11 18 8 49 9 8 4 0 10 42 15 9 49 
3 37 16 13 13 11 42 4 17 5 4 9 38 15 16 56 
4 30 16 13 15 22 35 4 10 6 9 29 39 10 25 32 
8 26 8 23 24 8 38 10 26 10 5 10 38 24 12 29 
9 37 14 21 21 17 28 3 20 13 8 16 32 16 17 27 
5 40 10 12 21 15 24 17 19 9 7 18 20 24 16 42 
3 44 11 15 22 18 37 5 10 6 15 16 37 14 12 34 
8 22 14 19 18 12 30 21 14 7 10 17 29 14 18 46 
11 33 20 17 9 10 30 11 16 2 9 15 28 18 16 54 
8 27 13 15 14 15 28 10 21 10 7 16 31 19 16 49 
9 60 20 13 21 20 31 11 13 13 8 11 24 17 15 13 
3 44 17 14 20 15 38 12 9 6 8 13 30 12 18 40 
8 45 17 16 16 17 27 4 20 12 7 7 27 15 12 49 
12 30 17 11 15 22 30 7 15 15 7 15 30 16 14 43 
5 35 13 15 19 12 24 7 23 7 9 16 18 26 19 51 
7 41 14 19 19 10 33 11 24 14 2 7 28 17 18 35 
3 73 38 14 17 31 27 4 7 4 12 6 17 9 14 23 
5 28 11 23 22 13 37 7 18 9 3 8 40 13 10 52 
6 28 8 15 16 11 40 16 19 8 4 18 42 18 17 33 
4 61 21 22 30 25 22 8 11 11 9 10 18 11 14 22 
3 37 10 15 16 18 33 7 21 9 6 13 40 15 12 44 
4 50 12 18 22 8 29 6 22 8 3 10 21 22 18 46 
8 39 9 19 25 17 34 14 17 14 6 14 36 16 12 19 
9 27 16 22 18 16 31 4 22 11 5 13 35 17 15 38 
3 38 15 17 23 21 35 12 17 11 6 11 35 14 13 28 
17 25 14 8 9 12 17 12 13 19 17 28 15 11 32 50 
6 33 16 13 20 14 38 5 14 12 4 20 29 14 28 33 
4 38 9 12 15 10 33 13 18 9 12 14 31 16 18 47 
12 21 20 9 13 17 26 12 11 10 21 25 20 16 26 40 
9 20 17 19 15 13 28 8 20 7 11 23 28 18 24 39 
10 31 19 14 16 13 35 8 10 12 14 27 26 10 35 19 
6 27 16 20 21 17 28 5 19 10 11 18 27 16 22 36 
10 22 14 16 23 15 40 6 9 13 14 16 34 13 18 36 
11 47 24 13 6 17 25 8 17 11 20 15 26 10 21 28 
5 42 16 14 24 11 39 8 13 12 6 11 25 16 23 34 
10 31 11 11 16 18 31 6 12 12 10 24 33 15 19 40 
7 34 9 11 18 13 34 5 14 10 11 23 31 18 21 40 
7 58 20 7 7 19 25 9 14 10 8 15 23 12 19 46 
8 42 22 18 22 17 30 12 15 6 9 15 21 21 18 23 
5 38 17 8 7 4 42 5 17 9 7 10 30 12 26 62 
4 35 15 19 15 13 34 8 24 9 5 7 37 15 13 46 
4 49 11 21 22 13 42 6 12 7 10 9 43 10 10 30 
10 23 18 14 11 14 39 1 15 7 13 20 38 15 21 40 
6 45 15 14 12 11 38 6 16 5 4 12 36 16 14 49 
5 41 26 14 10 24 28 6 13 5 8 16 30 10 18 45 
9 44 18 14 14 16 38 9 10 7 13 15 37 11 15 29 
5 38 20 10 14 22 37 6 13 10 10 10 35 12 13 44 
4 34 20 13 14 18 35 10 12 3 4 16 33 14 17 52 
7 59 21 11 14 23 30 6 9 9 9 16 30 9 16 30 
6 21 13 15 16 16 30 12 23 10 8 11 31 20 13 54 
6 26 7 11 18 13 31 9 16 10 6 19 30 19 16 62 
8 49 16 7 14 12 46 5 8 8 5 14 36 15 17 39 
8 31 17 17 21 18 28 12 17 11 12 16 25 17 18 31 
8 28 2 30 32 2 37 24 24 11 4 6 35 23 9 24 
4 57 15 9 14 20 34 10 15 5 3 15 35 19 10 34 
10 33 22 15 13 16 33 9 10 4 6 23 29 14 24 38 
6 49 12 12 12 14 35 10 22 9 3 13 36 19 14 33 
6 45 18 18 29 18 26 17 19 13 6 12 14 23 19 16 
8 52 19 8 14 8 40 6 14 8 2 9 24 19 20 48 
<BLOCK_USUAL>
3 51 21 16 19 22 28 13 15 8 12 11 25 13 16 26 
9 45 14 17 25 19 32 17 12 18 6 12 28 12 16 17 
6 16 15 16 19 11 28 12 29 7 6 19 20 31 24 40 
7 36 17 16 15 21 25 5 16 6 10 26 30 16 21 32 
11 40 20 25 19 20 20 11 18 10 11 11 25 14 10 34 
14 36 15 20 28 18 15 11 18 24 24 13 10 16 21 16 
11 36 22 18 24 19 25 20 14 15 12 14 16 16 21 16 
12 14 16 15 21 14 21 19 22 16 16 15 13 24 20 41 
8 42 14 15 19 15 37 8 9 8 13 18 33 13 17 30 
12 57 27 21 23 27 13 19 15 14 8 13 12 15 14 9 
7 49 15 18 18 16 29 11 18 9 9 12 30 17 13 28 
8 25 10 17 27 15 35 16 13 7 1 21 29 24 15 36 
6 21 13 13 17 12 48 11 16 3 3 16 43 22 14 41 
10 19 13 15 18 12 29 18 18 10 13 19 25 21 21 38 
12 40 18 16 19 11 31 4 19 9 8 12 22 24 16 38 
6 42 22 14 24 19 37 15 13 10 5 8 24 18 15 27 
5 54 18 16 22 19 32 4 13 12 8 10 27 13 15 31 
10 37 22 23 22 23 26 8 15 7 5 18 28 16 14 25 
6 33 23 24 24 18 24 17 14 8 14 15 18 12 22 27 
11 25 19 14 17 18 36 9 11 14 11 21 32 11 25 25 
8 0 11 15 15 38 5 4 19 16 21 50 32 12 31 22 
14 19 17 7 13 10 30 13 19 10 19 18 17 28 21 44 
7 32 19 21 24 14 37 5 15 11 7 15 28 14 24 26 
8 42 17 15 20 18 25 10 20 11 5 13 20 22 15 38 
10 37 22 12 17 22 29 14 17 15 11 11 23 18 16 25 
5 32 21 15 21 18 31 8 17 8 8 14 22 21 20 38 
10 31 16 15 24 14 32 10 13 11 6 17 22 20 20 38 
7 38 12 19 27 16 25 17 14 12 6 16 22 17 17 34 
4 33 14 14 23 15 24 12 22 9 9 20 17 26 24 33 
10 33 29 16 15 25 17 13 19 11 25 16 14 17 21 18 
11 33 35 22 12 20 25 10 20 9 7 14 20 12 27 22 
7 14 13 11 21 12 26 9 25 8 9 18 16 33 20 57 
10 16 13 11 24 9 36 14 26 5 12 18 20 44 17 24 
10 17 15 14 22 12 25 10 27 17 10 18 14 27 29 32 
7 36 19 14 15 22 31 3 9 9 11 23 32 8 22 38 
10 19 23 9 11 13 26 13 19 15 16 16 15 16 30 48 
10 40 22 16 19 19 25 14 13 12 17 16 18 14 21 23 
8 31 15 16 25 12 26 14 19 12 11 16 14 24 23 33 
8 47 17 15 15 14 34 9 14 5 2 11 30 18 11 49 
12 30 15 10 22 21 34 10 13 18 9 17 29 19 17 23 
4 28 13 18 22 12 15 15 20 8 19 26 10 19 31 39 
13 33 26 22 28 16 28 18 16 8 3 10 13 27 15 23 
13 25 15 23 31 24 15 30 23 23 9 8 16 21 9 14 
8 20 14 17 16 12 18 14 28 13 15 14 17 23 20 50 
6 33 16 15 19 22 29 14 16 7 4 20 31 19 15 33 
7 26 13 9 14 18 26 18 21 11 12 18 26 22 17 41 
11 55 18 16 14 20 22 7 18 14 13 14 26 13 15 23 
4 32 9 15 20 11 30 12 20 9 11 21 27 20 25 33 
14 22 18 22 27 13 21 30 16 16 12 14 11 19 21 23 
4 34 17 10 15 14 30 15 22 6 16 16 22 25 21 32 
11 34 20 27 30 13 27 19 14 13 10 12 17 15 21 16 
13 20 11 13 13 8 25 10 25 13 11 14 22 25 17 59 
8 26 8 13 25 20 25 15 21 11 10 20 25 29 12 31 
11 38 13 14 12 16 26 5 24 11 8 21 31 21 18 30 
8 17 11 16 23 12 28 14 26 7 7 16 22 33 14 45 
12 35 20 18 19 14 25 16 8 10 18 17 18 10 22 37 
7 24 19 14 16 19 23 9 27 7 8 17 21 29 17 42 
16 21 21 22 23 15 15 18 22 20 14 16 8 20 26 22 
9 40 17 18 25 22 28 14 11 17 12 14 25 10 18 19 
8 31 16 14 19 19 29 11 17 13 12 16 26 17 18 33 
4 37 16 22 21 13 27 15 19 5 12 17 26 16 21 28 
8 38 21 23 24 14 23 14 17 11 11 14 15 15 24 27 
9 55 20 16 19 21 25 13 9 11 13 18 23 11 18 18 
11 27 17 9 22 14 36 4 14 8 14 16 20 30 17 40 
16 14 10 11 15 10 29 15 20 17 8 16 24 24 17 53 
10 9 16 14 10 9 17 17 37 19 12 15 13 25 31 45 
7 65 18 20 16 15 30 13 14 7 5 14 30 10 18 17 
7 32 25 9 12 13 38 10 19 11 16 6 24 18 22 37 
5 41 20 13 18 23 22 10 21 10 11 14 20 21 17 33 
12 31 16 11 23 25 20 13 12 17 7 22 16 19 19 36 
18 24 29 19 26 26 22 13 9 23 24 16 12 11 23 4 
7 36 12 17 20 17 30 8 15 10 8 16 32 15 14 42 
3 32 21 10 16 16 47 8 20 13 12 3 36 16 18 28 
13 53 28 20 15 17 22 9 14 10 13 15 16 12 23 19 
3 61 30 14 19 32 12 12 18 18 13 10 10 8 23 16 
6 27 21 18 15 19 24 11 18 10 14 20 24 11 26 35 
11 30 20 17 18 14 31 9 13 7 9 18 24 18 20 40 
9 35 11 10 14 11 31 15 22 13 12 18 26 22 23 27 
3 27 16 21 31 15 33 13 18 6 7 11 21 25 15 37 
10 46 21 9 16 23 32 9 12 18 16 10 28 10 16 23 
7 22 18 17 23 20 27 11 18 10 9 18 24 21 18 36 
9 30 22 19 23 20 25 12 13 10 14 18 18 16 22 28 
12 41 24 19 18 19 25 12 22 11 6 9 22 22 13 24 
11 42 17 27 12 8 17 11 23 3 3 22 23 16 23 41 
10 24 17 17 15 11 23 11 26 8 12 18 18 26 23 40 
7 26 16 22 28 9 30 11 24 6 10 13 17 30 19 31 
5 23 19 15 21 24 16 12 28 10 15 16 15 30 16 34 
5 30 18 14 24 18 20 9 21 11 18 14 10 25 20 42 
14 54 24 8 12 23 20 13 12 19 19 10 15 10 17 29 
9 13 10 14 22 11 22 13 20 16 19 24 15 21 31 39 
3 34 23 13 14 16 43 10 20 4 6 7 36 20 15 35 
5 40 10 18 28 19 28 16 17 16 7 15 27 15 18 20 
7 21 10 7 18 16 29 15 30 9 5 23 25 38 19 27 
7 29 15 23 33 18 24 20 18 17 12 12 17 18 19 17 
6 30 19 26 24 10 29 16 21 8 14 8 22 18 18 30 
9 43 31 11 11 20 28 11 12 5 15 14 17 16 22 34 
6 30 17 7 19 17 29 8 24 7 7 18 17 34 19 40 
8 34 25 10 15 26 23 2 12 8 8 31 19 17 30 31 
10 36 19 17 17 16 29 13 15 5 10 18 26 20 17 31 
10 33 17 16 24 12 25 15 21 11 10 12 13 28 18 34 
