<BLOCK_PARAMS>
2
200
200
CG AA GA AC CA AG AT CC CT GC GG GT TA TC TG TT 
<BLOCK_ORI>
7 19 8 18 22 6 33 8 18 12 6 9 27 18 16 22 
2 43 17 13 11 16 24 4 8 4 11 14 25 4 17 36 
6 49 10 14 22 14 23 9 6 13 11 13 18 7 16 18 
8 51 15 12 14 17 22 5 12 6 8 14 21 16 10 18 
9 37 20 13 11 12 28 5 12 4 10 12 22 14 15 25 
7 26 18 14 17 15 21 11 17 9 14 11 14 18 17 20 
5 42 8 11 16 10 35 11 14 9 2 9 33 15 11 18 
10 25 14 6 10 13 21 6 10 11 6 11 17 13 12 64 
8 23 17 24 15 13 12 11 24 6 8 18 17 17 20 16 
9 21 7 24 26 7 23 12 23 9 3 12 22 25 12 14 
9 21 14 24 12 10 26 9 21 4 1 14 33 14 13 24 
3 64 10 10 7 10 30 11 12 5 4 7 32 8 9 27 
4 47 19 12 5 19 18 8 13 3 7 10 26 7 9 42 
4 52 18 11 16 20 27 4 9 5 5 10 25 13 8 22 
8 32 12 8 10 13 27 9 8 3 6 16 26 15 10 46 
7 40 8 13 16 12 23 7 14 9 8 16 23 15 14 24 
3 19 20 13 8 16 19 11 20 9 21 15 20 9 24 22 
13 19 13 16 14 10 21 11 11 15 7 19 20 8 23 29 
6 31 14 21 14 11 22 8 19 7 6 9 27 11 13 30 
5 42 18 12 15 13 28 3 9 7 5 7 20 11 14 40 
4 29 12 13 19 19 20 7 18 10 5 11 20 18 11 33 
7 33 9 13 16 7 27 9 15 7 10 12 22 17 14 31 
5 40 23 18 22 22 17 7 15 8 9 7 12 15 12 17 
2 47 13 10 17 19 30 6 10 6 4 7 28 13 5 32 
4 28 18 19 23 23 11 12 7 7 14 23 12 8 22 18 
2 45 10 12 14 11 33 6 8 5 5 11 32 6 13 36 
4 17 9 10 11 8 29 3 14 8 3 14 27 11 19 62 
8 23 13 9 9 11 27 5 16 4 6 13 25 20 11 49 
7 42 7 9 11 10 28 5 15 8 4 12 29 16 10 36 
3 44 14 7 13 16 23 11 12 5 10 15 19 16 15 26 
9 20 16 16 16 15 24 13 15 9 7 12 23 15 13 26 
7 40 9 14 19 14 21 12 8 9 8 16 22 10 13 27 
8 30 25 18 22 17 25 10 7 11 15 6 13 8 17 17 
4 9 10 11 7 12 17 8 23 10 12 15 22 14 19 56 
5 56 12 12 17 12 30 5 7 4 4 9 24 13 9 30 
5 25 14 15 16 18 26 6 9 7 5 20 30 8 18 27 
5 33 9 11 12 6 35 4 9 4 13 11 30 11 13 43 
2 17 5 12 14 7 28 11 24 7 1 16 28 21 18 38 
6 37 13 13 13 6 30 5 11 6 11 11 22 11 18 36 
4 31 13 11 10 15 26 4 15 7 10 16 29 11 16 31 
4 26 13 10 14 12 28 6 17 12 6 14 24 13 23 27 
4 42 20 17 14 15 28 3 11 4 4 13 27 8 17 22 
3 25 11 7 14 17 20 7 15 9 7 19 19 16 19 41 
2 30 11 15 22 17 31 13 14 11 3 8 30 12 11 19 
2 66 13 5 6 18 28 1 5 3 5 16 32 5 12 32 
5 41 7 10 10 11 29 1 10 4 3 19 33 11 14 41 
5 34 16 10 11 15 27 5 13 7 7 17 25 12 19 26 
9 25 14 14 24 15 22 14 8 17 11 11 12 11 18 24 
5 39 6 9 13 6 41 9 7 3 0 10 37 13 8 43 
3 30 14 12 11 7 39 3 12 3 2 7 34 11 14 47 
4 26 12 11 13 19 28 4 9 6 8 25 32 9 20 23 
7 17 6 17 17 6 33 9 22 9 3 10 34 20 12 27 
5 29 15 9 16 18 25 6 14 10 9 15 22 15 17 24 
10 17 6 13 17 9 21 13 19 14 7 12 20 19 12 40 
4 60 14 4 3 17 31 2 4 1 7 23 35 6 17 21 
3 30 9 14 11 12 27 4 13 3 14 15 33 10 12 39 
7 23 16 17 18 11 27 12 9 9 9 10 20 8 18 35 
12 33 18 15 8 8 21 14 18 3 6 11 19 20 11 32 
4 26 12 13 12 13 24 7 18 6 6 11 27 15 11 44 
6 19 9 16 16 8 30 4 19 10 2 13 29 16 17 35 
3 40 17 11 16 15 30 6 5 5 7 11 24 8 15 36 
2 44 13 10 14 16 24 2 12 11 10 14 24 7 19 27 
6 40 15 13 16 13 27 2 11 7 6 8 23 13 11 38 
7 27 14 11 15 12 29 3 12 9 7 12 23 15 16 37 
2 29 10 13 16 11 19 6 19 4 7 14 17 21 15 46 
9 22 13 15 15 13 16 12 17 9 4 13 16 17 13 45 
4 35 12 8 6 17 20 16 14 7 7 17 27 10 15 34 
4 51 26 13 18 23 20 5 7 6 7 8 12 10 13 26 
3 20 10 17 15 12 29 6 15 8 6 8 33 8 11 48 
7 15 2 14 10 3 40 13 17 7 0 16 44 14 15 32 
5 31 17 22 26 13 24 10 12 7 10 6 17 13 12 24 
1 29 7 12 13 13 30 5 19 9 6 10 36 12 11 36 
4 39 10 12 18 8 24 6 16 6 2 10 16 20 15 43 
7 24 5 18 19 6 33 11 21 8 3 8 33 21 9 23 
6 35 13 8 16 11 28 8 12 12 11 12 18 14 19 26 
3 33 14 11 14 18 28 9 15 8 6 11 29 12 12 26 
12 25 15 5 7 14 17 4 9 13 14 22 14 9 25 44 
6 22 17 13 13 13 28 5 12 9 2 19 23 9 26 32 
7 32 19 8 10 10 39 8 11 4 6 8 28 17 13 29 
3 35 9 13 16 12 27 14 14 11 8 10 27 9 15 26 
6 21 21 8 9 17 24 8 9 5 14 21 20 11 23 32 
7 43 11 9 11 14 18 5 12 7 9 20 19 14 17 33 
2 52 10 10 11 14 29 1 10 1 3 13 31 12 8 42 
6 19 16 6 6 12 36 1 4 3 12 29 32 7 30 30 
7 20 9 18 17 11 29 13 20 8 3 10 32 18 10 24 
8 27 11 13 21 15 23 6 13 13 13 12 19 16 13 26 
9 31 14 16 19 15 23 14 9 9 11 9 20 13 8 29 
4 36 12 15 22 9 38 2 9 8 3 8 28 12 15 28 
9 18 10 9 8 12 24 5 15 13 7 18 26 11 20 44 
5 35 11 15 14 11 26 3 14 7 5 17 26 11 20 29 
7 52 17 6 8 17 21 6 12 10 5 10 18 11 14 35 
7 39 19 14 20 13 29 11 9 4 7 11 17 18 14 17 
6 31 16 7 5 4 36 4 9 8 7 10 25 5 24 52 
4 24 15 18 13 9 25 9 22 8 4 5 24 13 15 41 
7 24 12 15 24 13 24 14 15 14 12 4 16 17 10 28 
10 29 19 15 14 17 20 6 14 10 8 12 20 13 14 28 
6 39 12 11 10 9 31 6 12 3 3 11 29 13 12 42 
8 39 19 16 13 16 23 5 7 6 3 12 22 6 14 40 
2 36 8 15 20 11 36 2 9 2 2 10 34 15 7 40 
7 33 12 14 13 11 34 8 9 6 5 13 34 9 13 28 
3 27 11 9 13 18 30 6 13 10 9 8 33 11 8 40 
5 28 14 12 11 15 25 7 15 3 0 14 27 16 11 46 
4 35 18 14 10 18 29 6 11 2 3 14 33 9 12 31 
4 17 18 11 12 17 28 8 10 2 4 16 27 13 15 47 
7 48 18 8 12 21 24 3 7 10 8 14 23 8 14 24 
6 35 10 15 12 9 29 3 13 3 6 12 31 14 10 41 
4 14 8 12 13 9 27 12 22 8 4 7 27 19 10 53 
7 23 8 13 16 11 20 5 11 8 7 17 20 13 15 55 
4 32 9 5 12 10 41 5 5 3 3 16 34 14 14 42 
5 23 17 9 12 21 30 4 12 8 11 19 31 11 18 18 
5 29 2 29 25 3 32 15 19 4 0 9 37 16 7 17 
4 50 12 7 10 17 27 6 14 4 3 14 29 17 9 26 
9 25 10 12 11 9 26 5 10 5 4 25 25 13 22 38 
3 33 10 9 13 10 35 11 16 6 5 7 30 17 10 34 
6 38 15 21 21 12 20 12 20 7 5 8 17 20 12 15 
6 35 13 9 13 10 25 5 18 5 4 10 18 23 12 43 
6 34 16 10 9 14 29 12 8 6 15 14 29 7 16 24 
4 30 7 18 17 11 25 8 17 10 11 10 29 10 13 29 
4 49 16 18 19 5 35 3 6 1 3 11 23 10 19 27 
5 41 15 13 15 13 25 5 17 8 4 10 21 16 15 26 
5 48 18 6 6 15 30 7 10 6 8 9 27 9 14 31 
6 32 9 10 16 9 38 9 12 9 6 9 31 15 12 26 
6 24 14 4 3 11 40 3 4 4 14 21 39 5 22 35 
3 38 16 11 11 5 36 4 15 4 7 8 25 14 20 32 
7 40 18 8 5 14 28 4 10 8 8 13 26 6 18 36 
5 34 13 10 14 14 28 14 9 7 4 10 24 11 11 41 
4 41 9 10 15 13 30 3 10 4 6 10 29 16 5 44 
3 43 13 11 12 9 28 3 8 2 3 17 23 10 20 44 
6 42 17 19 11 12 24 5 14 3 2 7 27 10 9 41 
7 30 15 15 19 16 25 6 8 4 12 18 22 15 14 23 
6 29 4 20 15 10 18 18 29 11 1 7 29 18 6 28 
2 33 5 24 25 4 35 13 15 7 3 4 33 10 11 25 
4 26 10 16 22 12 25 12 13 7 9 12 22 16 13 30 
3 25 11 14 17 16 20 5 17 10 11 12 23 13 13 39 
5 59 14 15 14 13 26 5 12 7 7 6 25 9 9 23 
7 55 9 10 14 9 31 1 3 3 0 13 27 12 9 46 
8 14 13 8 13 13 19 15 16 9 6 15 14 20 16 50 
1 36 10 9 8 17 19 8 21 8 9 14 27 13 14 35 
3 29 15 12 16 13 41 11 12 1 6 8 34 18 8 22 
4 60 15 12 9 13 27 5 10 4 5 10 28 7 13 27 
4 32 20 16 22 15 25 14 10 5 7 10 15 15 16 23 
5 35 10 11 12 12 32 3 15 6 3 10 32 16 9 38 
0 36 8 10 9 11 27 3 17 4 4 13 32 12 13 50 
9 44 21 17 9 15 24 3 13 5 8 11 26 9 13 22 
9 27 13 15 18 12 21 11 13 10 7 13 17 15 15 33 
4 30 16 11 11 16 31 3 11 10 9 14 31 5 19 28 
10 18 17 9 16 11 26 7 14 10 8 14 14 21 20 34 
2 42 16 7 20 23 23 8 10 11 7 11 17 15 13 24 
8 37 20 5 9 18 31 1 5 11 15 10 25 6 15 33 
6 26 10 6 10 14 27 7 9 9 14 23 27 9 22 30 
4 38 18 19 16 13 32 7 12 6 5 6 30 7 13 23 
8 28 18 12 14 19 23 6 13 10 12 17 22 13 19 15 
5 23 8 11 6 5 36 6 12 3 6 14 38 9 15 52 
8 34 7 12 14 10 34 3 12 7 2 12 36 15 8 35 
9 18 10 10 9 8 23 10 19 9 6 13 23 17 15 50 
4 34 9 11 10 10 23 10 16 4 10 19 25 15 18 31 
12 31 7 9 10 10 22 13 11 9 5 22 24 15 16 33 
1 15 16 12 15 12 41 3 12 4 6 13 34 12 20 33 
4 51 15 17 13 8 24 4 17 4 5 5 22 13 12 35 
10 21 21 16 13 17 17 8 13 10 16 10 16 11 13 37 
4 17 18 10 10 12 20 14 18 8 11 15 15 14 25 38 
6 31 12 15 10 13 24 13 17 2 1 10 30 16 5 44 
4 37 15 18 13 13 33 9 16 7 4 9 36 8 14 13 
3 38 11 9 10 14 16 6 15 8 7 16 18 11 18 49 
10 32 15 14 12 12 23 8 8 6 5 15 22 10 14 43 
4 31 17 11 11 15 26 6 18 6 1 8 25 16 12 42 
7 34 8 11 14 10 29 11 10 8 4 17 29 12 16 29 
2 32 5 4 10 11 35 3 9 7 6 11 34 10 10 60 
8 14 6 11 12 7 13 18 23 8 11 21 13 24 19 41 
6 31 8 24 25 6 23 20 19 6 7 7 20 21 9 17 
9 24 20 8 9 14 30 8 9 9 7 15 23 10 21 33 
9 39 18 9 8 17 27 6 10 9 5 13 26 9 14 30 
1 42 10 10 19 12 34 5 8 5 3 9 28 12 11 40 
2 32 9 15 13 12 28 9 21 2 1 7 32 19 4 43 
3 36 16 11 10 15 31 4 11 6 8 7 31 8 11 41 
3 39 9 16 14 12 34 6 13 5 3 9 39 9 8 30 
7 38 18 12 12 16 24 7 11 9 7 13 21 9 18 27 
2 33 5 6 9 12 32 2 15 4 3 19 35 17 14 41 
6 40 12 16 15 11 26 10 13 4 8 13 25 15 12 23 
7 54 10 12 17 5 32 8 14 4 3 6 22 22 8 25 
4 23 6 17 19 9 32 7 14 5 3 9 34 14 7 46 
7 29 15 11 15 16 25 6 14 10 9 10 22 16 12 32 
15 20 15 14 11 13 19 12 12 13 10 12 20 11 12 40 
4 37 10 9 20 19 21 13 7 14 6 14 19 8 15 33 
6 42 15 13 9 13 23 4 18 7 6 9 26 13 12 33 
4 22 12 9 9 12 28 4 13 7 11 9 28 10 12 59 
9 21 14 16 13 13 32 5 10 7 7 21 34 10 20 17 
3 25 13 11 15 7 40 4 12 4 4 8 29 15 15 44 
7 50 19 14 17 15 27 4 9 8 9 7 20 11 12 20 
4 20 8 15 16 8 32 4 13 6 7 9 31 12 11 53 
6 23 14 14 17 16 27 7 14 11 4 9 27 12 12 36 
3 37 9 12 16 5 37 4 9 4 6 11 30 12 16 38 
8 40 11 18 15 10 21 6 14 12 4 11 23 7 16 33 
2 28 14 12 13 12 33 6 11 3 3 15 30 11 17 39 
4 27 10 10 9 8 33 1 17 3 6 9 32 17 10 53 
6 25 10 12 16 10 28 9 9 3 2 12 25 16 9 57 
3 39 11 10 11 15 25 1 9 6 5 17 28 7 17 45 
7 24 10 15 11 18 14 8 22 8 5 13 26 17 6 45 
6 33 11 14 18 13 24 9 17 12 5 7 22 15 11 32 
5 37 12 11 16 12 30 4 9 5 10 14 25 14 14 31 
<BLOCK_USUAL>
3 39 16 11 18 16 17 12 17 7 7 9 10 19 13 35 
5 27 16 14 18 19 18 9 13 7 7 16 17 15 15 33 
4 22 10 13 15 9 25 10 22 4 5 12 22 24 13 39 
5 26 20 10 14 26 20 8 13 8 6 12 22 14 9 36 
4 27 12 11 20 14 21 8 14 12 10 10 13 15 17 41 
9 31 22 13 13 10 26 9 14 12 9 7 13 11 22 28 
7 27 17 10 13 21 24 10 13 7 10 13 25 15 10 27 
5 25 10 5 12 14 19 10 20 10 4 21 15 22 22 35 
8 43 17 19 23 19 14 10 9 11 10 15 12 10 17 12 
2 27 9 19 18 11 21 7 18 4 2 11 24 15 11 50 
6 31 12 16 21 12 11 17 19 5 9 18 7 25 17 23 
7 23 9 12 14 7 24 12 17 7 6 13 20 19 15 44 
5 20 8 9 11 11 28 4 22 5 5 19 29 23 16 34 
8 15 16 10 20 22 14 20 15 19 8 18 10 15 22 17 
10 18 18 13 18 18 23 10 16 12 17 12 17 19 15 13 
7 39 18 14 11 12 27 6 12 7 5 13 24 10 19 25 
5 19 13 14 18 17 23 8 15 8 7 16 23 17 14 32 
14 15 18 9 14 24 14 6 19 20 10 14 15 18 14 25 
11 45 12 19 21 15 17 10 7 8 7 15 19 11 9 23 
10 19 11 13 14 10 18 11 17 11 18 21 17 17 23 19 
9 10 10 14 21 13 14 18 24 15 9 15 10 25 17 25 
7 24 12 11 16 10 26 5 13 9 4 17 19 15 21 40 
5 23 13 16 23 16 25 14 18 7 9 8 21 23 7 21 
9 21 9 13 18 14 21 12 17 13 10 12 21 19 11 29 
4 43 21 10 13 19 24 8 12 5 11 10 19 14 13 23 
4 32 12 11 20 10 32 10 15 4 7 7 22 23 9 31 
10 16 7 6 15 8 24 21 15 10 9 13 15 24 12 44 
9 17 15 12 12 17 15 7 21 9 16 15 16 21 14 33 
7 18 12 12 16 11 19 8 20 9 10 16 14 22 19 36 
7 25 17 9 11 13 21 15 24 16 4 8 15 17 21 26 
4 28 12 9 13 15 23 10 13 9 5 16 22 12 18 40 
4 29 7 10 20 12 21 15 24 10 3 10 16 29 11 28 
10 18 17 17 19 14 23 19 16 11 5 8 18 17 12 25 
5 26 18 10 15 14 24 12 16 5 13 8 15 21 12 35 
15 30 16 16 19 13 20 9 12 12 10 15 15 18 15 14 
9 31 15 10 17 16 23 8 17 10 6 15 17 23 15 17 
7 47 17 16 21 14 24 7 15 9 5 7 15 19 12 14 
4 19 9 12 25 13 22 14 16 10 8 16 14 23 18 26 
7 39 15 11 11 10 31 7 11 3 1 8 25 15 9 46 
6 24 10 10 16 9 28 13 17 10 3 10 22 19 14 38 
3 44 11 11 16 18 26 4 6 5 10 15 28 9 11 32 
8 27 11 18 22 7 29 11 16 8 4 12 21 20 16 19 
2 20 15 8 15 17 23 6 17 12 14 15 17 15 23 30 
7 18 8 11 17 10 19 14 21 12 13 12 15 22 16 34 
9 31 13 12 16 14 23 12 15 7 6 13 19 21 11 27 
8 18 14 16 19 11 27 12 17 11 12 9 22 16 15 22 
7 47 17 7 8 18 16 6 18 13 9 11 17 13 15 27 
9 17 13 10 12 14 14 27 22 13 11 15 12 20 18 22 
10 32 16 13 15 14 27 4 14 7 9 15 24 18 14 17 
8 23 11 17 22 11 21 14 12 7 8 16 15 18 15 31 
10 24 19 18 19 16 20 16 12 12 10 12 15 12 17 17 
12 36 18 14 13 15 26 4 11 13 9 9 25 9 13 22 
6 17 17 8 16 18 17 8 23 11 7 12 9 27 16 37 
5 21 17 9 15 17 27 9 11 7 8 13 21 16 15 38 
4 34 22 17 18 23 20 7 11 7 12 11 20 9 13 21 
9 23 11 13 13 15 21 5 17 10 10 18 25 16 16 27 
4 37 15 14 26 10 22 8 13 7 9 10 6 22 17 29 
9 7 12 11 14 12 10 33 25 20 17 13 8 17 24 17 
5 27 11 7 17 10 30 15 13 9 10 8 20 18 13 36 
5 25 9 13 16 11 24 11 14 8 2 14 23 14 15 45 
8 18 17 5 13 16 21 11 17 12 17 15 12 21 21 25 
7 37 20 10 14 16 26 2 6 8 12 13 18 9 19 32 
8 25 15 17 22 13 21 7 15 9 12 10 15 19 13 28 
5 29 12 15 21 9 21 5 14 8 11 13 13 17 19 37 
8 14 10 16 16 7 22 5 18 12 19 14 19 14 21 34 
8 23 17 22 17 15 19 9 15 9 11 12 22 9 14 27 
8 28 13 12 12 16 22 6 15 13 6 14 26 10 15 33 
6 25 20 17 15 16 16 11 25 9 9 8 13 20 16 23 
8 29 8 15 21 12 23 9 16 9 7 16 21 21 13 21 
7 12 10 13 12 12 20 6 21 11 24 15 23 17 17 29 
16 21 19 16 23 22 15 13 7 20 22 15 11 10 16 3 
6 27 17 16 18 16 24 16 12 14 15 7 21 6 17 17 
6 18 8 10 16 11 19 11 22 13 6 11 15 21 15 47 
15 23 13 13 17 13 19 14 6 9 19 22 15 16 15 20 
5 59 31 11 12 31 9 9 11 14 16 6 8 4 14 9 
5 21 13 10 11 14 28 2 14 8 11 14 29 11 16 42 
7 24 24 10 19 19 25 9 9 11 15 7 11 15 16 28 
7 35 9 11 15 12 31 9 12 10 15 8 30 13 8 24 
15 28 17 19 13 19 10 14 13 10 15 18 18 12 11 17 
5 27 21 13 21 24 16 5 17 14 10 13 11 16 19 17 
9 22 18 13 14 16 22 5 17 11 14 9 18 16 14 31 
9 25 22 11 10 13 16 9 13 10 16 16 7 12 26 34 
6 14 15 18 17 11 20 5 23 9 16 19 17 20 25 14 
10 18 9 10 18 12 23 12 12 10 11 23 18 20 21 22 
6 21 11 6 20 14 23 6 14 8 8 15 12 26 14 45 
8 35 29 11 15 17 30 8 4 6 8 13 14 10 23 18 
9 19 18 8 18 10 33 13 16 12 8 5 15 23 16 26 
11 8 14 7 10 6 20 13 22 11 12 23 9 25 32 26 
5 33 16 14 23 17 24 4 10 9 6 14 16 14 17 27 
7 29 15 18 24 21 21 11 14 11 6 7 20 16 6 23 
4 46 23 12 14 17 22 6 13 9 6 8 14 11 18 26 
12 17 14 15 17 16 18 7 8 13 17 20 18 10 18 29 
10 41 13 25 31 14 17 20 8 14 7 7 12 11 10 9 
9 45 16 21 17 14 19 9 8 4 7 18 21 9 15 17 
10 33 15 20 19 13 21 12 15 15 6 10 21 8 17 14 
8 36 29 7 4 20 18 2 10 5 18 17 12 10 23 30 
3 24 9 12 18 10 18 10 20 12 6 18 14 17 25 33 
10 18 17 8 16 20 19 8 12 8 9 19 13 23 14 35 
4 17 11 16 14 4 29 7 21 7 7 13 24 16 23 36 
9 11 8 14 16 10 5 24 31 12 12 15 5 31 16 30 
6 15 9 15 17 16 18 11 20 16 15 11 23 12 14 31 
8 18 8 21 20 8 19 10 19 11 5 16 20 16 19 31 
5 36 17 14 13 12 32 4 13 7 3 8 29 10 15 31 
2 44 17 12 14 14 28 3 14 3 10 9 22 16 13 28 
6 28 17 11 18 14 33 16 10 4 11 10 22 19 11 19 
14 33 15 13 16 13 24 6 12 14 13 12 20 15 13 16 
4 36 21 15 18 20 24 8 13 7 10 10 21 13 13 16 
9 34 12 17 23 21 19 6 10 17 9 11 22 7 11 21 
8 35 14 13 19 12 30 3 12 16 9 9 22 10 18 19 
8 18 16 13 13 19 17 15 16 8 9 14 21 15 11 36 
5 10 10 18 21 9 21 11 22 11 3 9 16 19 16 48 
20 18 12 10 14 7 21 7 15 20 12 13 12 19 18 31 
6 21 19 19 17 16 23 6 19 5 7 13 22 18 15 23 
5 20 9 8 20 13 24 12 8 13 13 17 17 12 20 38 
9 24 4 24 27 9 12 37 22 13 7 9 14 22 8 8 
6 25 11 11 10 7 29 15 18 11 8 10 26 12 19 31 
9 28 18 18 23 19 21 14 12 9 5 11 18 17 10 17 
11 30 12 14 17 12 17 6 19 12 15 13 14 22 13 22 
7 35 15 9 12 14 25 6 10 5 12 18 22 15 17 27 
9 24 18 20 23 11 22 16 14 9 12 9 11 17 17 17 
8 29 8 16 20 9 24 3 17 10 4 10 22 19 11 39 
8 12 14 12 15 11 17 8 29 13 4 13 12 27 21 33 
3 34 13 15 18 16 21 12 19 8 9 9 20 17 11 24 
15 14 10 10 16 11 16 17 22 13 7 19 10 30 16 23 
6 35 22 10 18 17 31 7 9 7 7 6 18 15 12 29 
13 30 24 15 13 16 17 6 11 10 11 14 11 12 19 27 
7 36 19 14 20 17 24 7 10 10 15 8 16 14 13 19 
5 17 20 17 16 25 8 3 20 11 11 26 15 13 26 16 
10 18 21 8 5 9 23 7 20 7 12 19 14 21 27 28 
9 23 18 22 18 10 18 11 19 6 11 16 13 19 21 15 
9 16 8 5 12 9 21 11 12 8 6 27 16 20 25 44 
5 23 10 6 11 15 26 7 15 9 8 20 25 16 19 34 
9 27 19 17 14 13 18 15 19 10 6 9 15 15 16 27 
5 32 9 15 19 13 22 15 15 11 2 9 22 14 11 35 
6 34 16 8 16 18 29 5 10 10 9 11 22 15 13 27 
9 25 21 17 14 16 16 8 15 8 16 17 13 13 21 20 
7 27 8 14 22 17 21 10 27 20 2 6 22 21 10 15 
7 33 15 11 21 20 22 8 9 17 10 12 18 9 16 21 
3 32 17 8 16 16 22 10 15 6 12 13 13 20 17 29 
5 28 20 13 18 16 20 11 15 10 10 13 11 15 22 22 
9 25 11 18 27 14 22 14 14 13 2 9 15 19 11 26 
10 23 20 13 10 11 25 7 16 6 13 13 19 17 18 28 
11 26 17 14 22 16 22 10 15 14 7 13 14 20 17 11 
5 36 16 13 14 16 16 7 17 14 13 16 15 10 25 16 
11 49 18 19 14 12 13 17 13 9 11 13 13 10 16 11 
3 44 20 15 24 20 25 8 8 8 10 7 15 12 12 18 
3 14 19 9 10 9 26 8 16 3 8 20 15 17 30 42 
4 42 24 17 18 19 23 9 13 6 4 7 17 13 14 19 
14 14 20 20 23 18 15 20 18 19 9 5 10 16 12 16 
6 17 19 13 7 13 11 8 25 9 16 14 11 16 22 42 
5 23 17 11 9 15 27 3 13 8 8 13 27 8 19 43 
8 20 21 12 15 19 17 12 25 15 7 9 12 20 19 18 
8 25 14 6 17 10 32 9 15 8 5 15 16 26 20 23 
12 26 6 17 16 6 22 7 19 11 9 17 22 20 16 23 
6 34 13 7 10 11 25 6 13 9 6 13 20 12 19 45 
14 32 12 16 17 11 22 11 14 10 11 14 20 19 12 14 
10 18 18 16 16 18 18 11 18 17 8 11 17 11 18 24 
4 19 12 9 23 16 20 11 18 9 7 14 10 28 15 34 
15 22 20 20 15 13 19 3 15 13 14 15 17 13 20 15 
4 23 10 14 16 9 24 15 21 5 4 13 21 23 14 33 
15 31 7 20 25 9 20 9 10 10 13 18 18 19 11 14 
7 11 15 7 9 9 27 16 23 9 12 11 19 23 19 32 
10 26 15 14 14 16 14 14 16 14 19 15 15 12 18 17 
8 32 17 21 30 19 21 9 14 13 4 6 13 18 9 15 
10 18 9 21 23 11 19 21 17 11 3 13 19 18 11 25 
9 31 21 14 19 19 23 8 5 10 12 13 15 9 16 25 
6 30 12 15 25 18 15 15 13 9 7 18 10 20 16 20 
5 18 16 5 9 16 22 6 16 15 19 16 18 10 25 33 
4 45 20 12 20 18 23 4 11 8 9 8 14 14 14 25 
7 15 8 7 12 15 18 10 27 15 10 13 20 24 14 34 
6 44 16 15 20 17 22 5 12 11 5 12 17 12 17 18 
6 27 17 8 12 15 23 8 15 10 7 8 17 15 14 47 
9 23 13 16 12 7 21 4 18 6 10 17 19 16 20 38 
6 32 12 14 12 10 25 3 17 8 14 16 25 13 20 22 
10 25 15 18 17 6 24 23 22 4 7 8 15 27 11 17 
9 35 21 16 16 17 20 17 14 11 11 8 16 11 14 13 
9 31 17 11 17 13 27 7 10 6 6 11 17 19 13 35 
4 28 21 12 21 16 28 10 9 6 5 12 14 16 19 28 
6 18 19 10 16 20 27 7 15 10 16 12 23 17 14 19 
5 37 15 16 31 22 17 9 10 10 5 12 9 20 11 20 
5 38 11 13 19 10 23 20 16 8 2 6 16 19 10 33 
7 42 22 14 17 21 18 16 16 8 4 5 14 18 7 20 
5 21 11 12 11 10 25 10 21 4 2 14 25 22 13 43 
5 31 21 17 19 22 18 8 14 10 7 13 18 11 16 19 
2 56 20 15 21 19 28 12 11 7 1 5 21 12 11 8 
6 28 13 12 21 18 25 16 15 12 11 7 20 18 8 19 
4 24 10 13 12 13 25 3 17 15 3 18 29 5 25 33 
9 31 21 21 21 13 18 13 14 7 5 9 11 15 15 26 
6 25 17 12 12 16 12 6 13 7 12 27 10 13 29 32 
8 23 14 21 25 8 23 14 15 13 14 9 13 14 20 15 
10 19 17 8 10 12 23 10 19 9 7 15 16 22 19 33 
10 18 18 18 18 12 24 9 13 13 7 13 18 10 21 27 
12 19 14 9 14 14 24 15 16 12 7 12 20 20 12 29 
8 9 16 14 23 27 10 13 10 12 16 27 11 16 20 17 
7 29 12 18 21 10 28 5 10 6 7 10 22 14 11 39 
7 19 22 17 25 25 15 9 12 20 13 15 9 8 25 8 
8 10 9 14 20 13 13 18 23 13 9 18 12 24 18 27 
8 38 14 10 22 19 23 8 13 13 4 13 16 20 13 15 
6 30 13 9 12 13 27 9 11 9 9 16 24 11 19 31 
8 38 19 16 13 15 24 8 12 4 8 11 24 13 11 25 
